0.09000000000000002 486.446789985145 
0.14 480.109921077628 
0.15000000000000002 481.11147666073805 
0.16000000000000003 499.3821934139814 
0.2 241.39425173205487 
0.21000000000000002 238.0207542419095 
0.22000000000000003 241.72176272450852 
0.23 242.80204911452324 
0.24000000000000002 243.3188470716813 
0.25 245.12171774153492 
0.26 248.45506223453117 
0.27 251.24439066553884 
0.28 252.69168137228092 
0.29000000000000004 255.09368700860548 
0.30000000000000004 257.92747375258665 
0.31 259.72595989703143 
0.32 260.81450395817063 
0.33 262.73190560392425 
0.34 262.21174439159716 
0.35000000000000003 261.96755273076025 
0.36000000000000004 262.248353970987 
0.37000000000000005 263.106807606623 
0.38 262.6358103765755 
0.39 261.5224937495069 
0.4 261.3242490472831 
0.41000000000000003 262.47567705471766 
0.42000000000000004 263.0662746604828 
0.43000000000000005 261.45643732955034 
0.44 260.5208440386871 
0.45 261.3593706928752 
0.46 261.92911591125124 
0.47000000000000003 260.00969279994257 
0.48000000000000004 257.56360031715656 
0.49000000000000005 255.0616300923047 
0.5 253.17867253654595 
0.51 251.29726875797525 
0.52 247.3786720060437 
0.53 241.56645840645763 
0.54 239.24241385495975 
0.55 239.34193979060476 
0.56 239.08122683588675 
0.5700000000000001 236.22332419405814 
0.5800000000000001 234.17250243391277 
0.5900000000000001 231.57742445914906 
0.6 229.10844852283694 
0.61 227.10578681858053 
0.62 226.23040874333455 
0.63 222.64675681122748 
0.64 218.67377214811398 
0.65 215.60012288145768 
0.66 211.4749114072488 
0.67 209.9257520590377 
0.68 209.08812195139063 
0.6900000000000001 209.4218570135193 
0.7000000000000001 209.89406117416942 
0.7100000000000001 209.4727047230036 
0.7200000000000001 209.61485682383008 
0.73 210.20708156961564 
0.74 214.3610229026993 
0.75 216.86912071157306 
0.76 217.07364563623528 
0.77 222.3763594688184 
0.78 223.2237344359558 
0.79 225.230836526659 
0.8 233.04037932087968 
0.81 252.3484805981532 
0.8200000000000001 254.31462601745895 
0.8300000000000001 279.7707671068391 
0.8400000000000001 255.9007043711737 
