0.1299999999999999 237.23420234545043 
0.1399999999999999 236.83508856151542 
0.1499999999999999 237.59032554744056 
0.15999999999999992 236.5477480181607 
0.1699999999999999 236.938455797426 
0.1799999999999999 236.76565605058147 
0.18999999999999992 237.0500222366663 
0.1999999999999999 238.41506318976627 
0.2099999999999999 240.20286832304978 
0.21999999999999992 241.38078706932856 
0.2299999999999999 242.83878659366735 
0.2399999999999999 243.89840743086216 
0.24999999999999992 244.88958994679916 
0.2599999999999999 245.98993130911126 
0.2699999999999999 247.18989042941112 
0.2799999999999999 248.38232912632 
0.2899999999999999 248.9292725100661 
0.29999999999999993 249.30627962061033 
0.3099999999999999 249.41598289440603 
0.3199999999999999 249.35750091152173 
0.3299999999999999 248.98748563078067 
0.3399999999999999 248.384761089015 
0.3499999999999999 247.98655044664616 
0.35999999999999993 248.19352482237184 
0.36999999999999994 248.28917077501492 
0.3799999999999999 248.78187188614217 
0.3899999999999999 249.3166991110235 
0.3999999999999999 249.97668429286904 
0.4099999999999999 250.51897017151916 
0.41999999999999993 251.0661301453788 
0.42999999999999994 251.796912527529 
0.4399999999999999 252.57298736768837 
0.4499999999999999 253.48693342813115 
0.4599999999999999 253.8709285781881 
0.4699999999999999 253.6772610247605 
0.4799999999999999 253.69852490476006 
0.48999999999999994 253.4232279399111 
0.4999999999999999 252.95968549965377 
0.5099999999999999 252.38582893501498 
0.5199999999999999 252.37391887386602 
0.5299999999999999 252.6117559029341 
0.5399999999999999 252.9704435085034 
0.5499999999999999 252.94205378593833 
0.5599999999999999 252.62522142106514 
0.57 252.3523685219934 
0.58 252.11906809148798 
0.59 251.786101627702 
0.5999999999999999 251.21841825289803 
0.6099999999999999 250.32407844753317 
0.6199999999999999 249.08081518762796 
0.6299999999999999 248.04497592698698 
0.6399999999999999 247.41675573996034 
0.6499999999999999 246.75275901430174 
0.6599999999999999 245.74496382632083 
0.6699999999999999 244.5266469221617 
0.6799999999999999 243.7748174923076 
0.69 243.2583382716026 
0.7 244.2661708426128 
0.71 245.1823675969675 
0.72 248.07808665787744 
0.7299999999999999 251.14533089088076 
